-0.3133	-0.0615
-0.0615	-0.6513
-0.6513	-0.3437
-0.3437	0.3988
0.0373	-0.083
-0.083	-0.1977
-0.1977	-0.5427
-0.5427	-0.3451
-0.3821	-0.3098
-0.3098	0.0807
0.0807	-0.0723
-0.0723	0.4572
0.4572	0.1567
0.1785	0.3008
0.3008	-0.3003
-0.3003	-0.0453
-0.3026	-0.3485
-0.3485	-0.5641
-0.5427	-0.3934
-0.3934	0.3547
0.3547	-0.0644
-0.5524	0.6679
0.6679	-0.6545
-0.6545	0.0063
0.0063	0.7298
0.7298	0.226
-0.0208	-0.6615
-0.6615	-0.2495
-0.2495	-0.2996
-0.468	0.4294
0.4294	-0.4069
-0.4993	-0.1564
-0.1564	-0.3606
-0.3606	-0.3244
-0.0325	-0.5248
-0.5248	-0.2934
0.0187	-0.1069
-0.1069	-0.4494
-0.4494	-0.5517
-0.5517	-0.4514
0.0513	-0.4729
-0.4729	-0.3587
-0.0079	-0.4314
-0.4314	-0.5837
-0.2472	-0.5095
-0.5095	-0.1253
-0.5221	0.2459
0.2459	-0.1883
-0.009	0.0164
0.0164	-0.1325
-0.0302	-0.1487
-0.1487	-0.6745
-0.1468	-0.6768
-0.6768	-0.535
0.563	0.5727
0.5727	-0.1102
-0.3825	0.3583
0.3583	-0.1176
-0.4893	-0.0601
-0.0601	-0.203
-0.6066	-0.3674
-0.3674	-0.0873
0.5158	0.4092
0.4092	0.4927
0.4927	0.0323
-0.3833	-0.3724
-0.3724	-0.4105
-0.4105	-0.6186
-0.2716	-0.659
-0.659	-0.754
-0.3388	-0.2428
-0.2428	0.0705
0.3296	-0.287
-0.287	0.0421
-0.2511	-0.2272
-0.2272	-0.4316
-0.4316	0.0362
0.5621	0.4757
0.4757	0.5386
0.3248	-0.2034
-0.2034	0.04
-0.4229	-0.545
-0.545	-0.0601
-0.1374	0.3743
0.3743	-0.2239
0.1482	0.2671
0.2671	-0.1222
-0.6254	0.1224
0.1224	-0.3828
-0.0544	0.2096
0.2096	0.0035
-0.5703	-0.295
-0.295	-0.2872
-0.2872	0.3217
0.3217	0.3366
-0.2994	-0.1107
-0.1107	-0.4851
-0.2484	-0.7245
-0.7245	-0.8088
-0.5807	-0.7657
-0.7657	0.0652
0.0652	0.1912
-0.0032	0.077
0.077	-0.67
-0.67	-0.5079
0.731	0.3191
0.3191	-0.5891
-0.5891	-0.4547
0.0468	0.2988
0.2988	-0.4433
0.0879	0.2421
0.2421	-0.5234
-0.5234	0.0189
0.0189	-0.4622
-0.2553	0.273
0.273	-0.2138
-0.2138	-0.2127
-0.2185	0.2356
0.2356	0.1096
0.1096	-0.2782
-0.2782	-0.5665
-0.1934	0.4565
0.4565	0.2899
0.3284	-0.105
-0.105	0.0945
-0.0884	-0.5895
-0.5895	0.3503
-0.1537	-0.2682
-0.2682	-0.3543
-0.3656	-0.6119
-0.6119	0.0432
-0.4873	-0.5827
-0.5827	-0.3799
-0.1599	-0.0478
-0.0478	0.1579
0.3458	0.672
0.672	-0.3759
-0.7098	-0.5393
-0.5393	-0.5176
0.2327	0.7465
0.7465	0.7279
-0.4905	0.0852
0.0852	0.8674
0.8674	-0.5265
0.1195	0.0234
0.0234	-0.4775
-0.1418	-0.7692
-0.7692	-0.3867
-0.3902	-0.4462
-0.4462	0.0928
0.3484	0.1525
0.1525	-0.1547
0.418	0.5426
0.5426	0.3984
0.3984	0.0106
-0.3428	-0.2995
-0.2995	0.2957
0.0236	-0.1797
-0.1797	-0.6338
0.0095	-0.0673
-0.0673	0.0738
-0.18	-0.719
-0.719	-0.507
-0.1995	0.1889
0.1889	0.1478
0.1478	-0.3354
-0.425	-0.3055
-0.3055	0.0832
-0.3614	0.3382
0.3382	0.3374
0.3374	-0.3337
-0.3337	-0.2214
0.5253	0.1697
0.1697	0.2477
-0.452	-0.5333
-0.5333	0.0227
0.2599	0.5242
0.5242	0.2855
0.2855	0.6726
0.6805	-0.0016
-0.0016	0.6433
-0.5494	0.3118
0.3118	-0.7221
-0.1751	0.0372
0.0372	0.0481
-0.0029	-0.5565
-0.5565	0.4456
-0.5554	-0.4033
-0.4033	-0.6046
0.1196	-0.1124
-0.5287	-0.0281
-0.0281	-0.3407
-0.3788	0.3478
0.3478	-8E-4
-8E-4	-0.3522
-0.1149	-0.3681
-0.3681	-0.134
-0.6263	-0.4412
-0.4412	-0.3345
-0.2642	-0.1981
-0.1981	-0.3791
0.2811	-0.626
-0.626	-0.4893
0.8576	0.0068
0.0068	0.2148
0.2148	0.2386
0.1453	-0.1714
-0.1714	0.0837
0.0837	-0.1955
-0.1179	-0.1544
-0.1544	0.2569
-0.0665	0.1716
0.1716	0.1581
-0.3074	-0.2576
-0.2576	-0.4285
-0.0503	0.6697
0.6697	0.179
0.5263	0.6525
0.6525	0.5764
0.1946	0.474
0.474	0.5535
0.4797	0.2716
0.2716	-0.3071
0.1398	-0.0789
-0.0789	-0.0131
0.3842	-0.3866
-0.3866	-0.3828
-0.0803	-0.3878
-0.3878	-0.4272
-0.3304	-0.6056
-0.6046	0.3231
0.3231	-0.3684
-0.4941	-0.7291
-0.7291	-0.7074
-0.0651	-0.2031
-0.2031	-0.6008
-0.4217	-0.2595
-0.2595	-0.0886
-0.2023	-0.3233
-0.3233	-0.3881
-0.62	0.2071
0.2071	0.0999
-0.5325	-0.4857
-0.4857	-0.3675
-0.7208	-0.1572
-0.1572	-0.1169
0.7924	0.7515
0.7515	0.8363
-0.4166	-0.3096
-0.3096	-0.4698
-0.3362	-0.7339
-0.7339	-0.8037
0.5762	0.6944
0.6944	0.5932
0.5932	0.5194
0.5194	-0.7987
-0.7642	-0.4532
-0.4532	0.3437
0.8636	-0.5236
-0.5236	-0.5538
-0.4278	0.7245
0.7245	0.3378
-0.1082	-0.0455
-0.0396	-0.3833
-0.3833	0.1353
0.3915	-0.5145
-0.5145	-0.0261
-0.5419	-0.3398
-0.3398	-0.066
0.6304	-0.5686
0.3001	-0.1874
-0.1874	0.4168
0.0109	0.6924
0.6924	0.1021
-0.6664	0.5901
0.5901	0.631
-0.4691	-0.2771
-0.2771	0.2268
0.0933	0.3905
0.3905	0.5818
0.5818	-0.009
-0.009	-0.105
-0.105	-0.6107
-0.6107	-0.3298
0.3168	-0.2386
-0.2386	-0.3012
0.4097	0.3322
-0.0061	-0.4637
-0.4637	0.1835
0.1835	-0.0876
-0.8032	-0.3907
-0.3907	-0.0725
-0.6255	-0.087
-0.087	-0.1428
-0.1428	-0.6474
-0.6474	-0.4974
0.7673	-0.2986
-0.2986	0.0595
-0.1261	-0.2492
-0.2492	0.311
0.1806	0.0458
0.0458	-0.386
0.3379	0.1561
0.1561	-0.2911
0.0373	-0.2464
-0.2464	0.4989
0.4989	0.3918
-0.0924	-0.449
-0.449	-0.0716
0.0161	0.346
0.346	0.2911
0.2407	-0.0828
-0.0828	0.0865
0.1341	-0.0711
-0.0711	-0.1246
-0.1246	0.1077
-0.5648	-0.7891
-0.7891	0.2468
0.4252	-0.3508
-0.3508	0.0337
-0.6923	0.0567
0.0567	-0.4349
0.2589	0.7916
0.7916	-0.0077
0.3354	-0.1388
-0.1388	0.273
0.2683	-0.4545
-0.4545	-0.2541
0.5665	-0.5281
-0.5281	-0.5253
0.7537	0.8193
0.8193	0.5797
-0.0543	-0.6029
-0.6029	-0.6159
-0.6792	-0.3169
-0.3169	0.2624
-0.3003	-0.3665
-0.3665	-0.5282
-0.1747	-0.0567
-0.0567	-0.4015
0.2483	0.4829
0.4829	-0.0385
0.121	-0.7491
-0.7491	-0.4475
